172 171 170 169 168 167 166 165 164 163 162 161 160 159 158 157 156 155 154 153 152 151 150 149 148 147 146 145 144 143 142 141 140 139 138 137 136 135 134 133 132 131 130 129 128 127 126 125 124 123 122 121 120 119 118 117 116 115 114 113 112 111 110 109 108 107 106 105 104 103 102 101 102 103 104 105 106 107 108 109 110 111 112 113 114 115 116 117 118 119 120 121 122 123 124 125 124 123 122 121 120 119 118 117 116 115 114 113 112 111 110 109 108 107 106 105 104 105 106 107 108 109 110 111 112 113 114 115 
171 170 169 168 167 166 165 164 163 162 161 160 159 158 157 156 155 154 153 152 151 150 149 148 147 146 145 144 143 142 141 140 139 138 137 136 135 134 133 132 131 130 129 128 127 126 125 124 123 122 121 120 119 118 117 116 115 114 113 112 111 110 109 108 107 106 105 104 103 102 101 100 101 102 103 104 105 106 107 108 109 110 111 112 113 114 115 116 117 118 119 120 121 122 123 124 123 122 121 120 119 118 117 116 115 114 113 112 111 110 109 108 107 106 105 104 103 104 105 106 107 108 109 110 111 112 113 114 
170 169 168 167 166 165 164 163 162 161 160 159 158 157 156 155 154 153 152 151 150 149 148 147 146 145 144 143 142 141 140 139 138 137 136 135 134 133 132 131 130 129 128 127 126 125 124 123 122 121 120 119 118 117 116 115 114 113 112 111 110 109 108 107 106 105 104 103 102 101 100  99 100 101 102 103 104 105 106 107 108 109 110 111 112 113 114 115 116 117 118 119 120 121 122 123 122 121 120 119 118 117 116 115 114 113 112 111 110 109 108 107 106 105 104 103 102 103 104 105 106 107 108 109 110 111 112 113 
169 168 167 166 165 164 163 162 161 160 159 158 157 156 155 154 153 152 151 150 149 148 147 146 145 144 143 142 141 140 139 138 137 136 135 134 133 132 131 130 129 128 127 126 125 124 123 122 121 120 119 118 117 116 115 114 113 112 111 110 109 108 107 106 105 104 103 102 101 100  99  98  99 100 101 102 103 104 105 106 107 108 109 110 111 112 113 114 115 116 117 118 119 120 121 122 121 120 119 118 117 116 115 114 113 112 111 110 109 108 107 106 105 104 103 102 101 102 103 104 105 106 107 108 109 110 111 112 
168 167 166 165 164 163 162 161 160 159 158 157 156 155 154 153 152 151 150 149 148 147 146 145 144 143 142 141 140 139 138 137 136 135 134 133 132 131 130 129 128 127 126 125 124 123 122 121 120 119 118 117 116 115 114 113 112 111 110 109 108 107 106 105 104 103 102 101 100  99  98  97  98  99 100 101 102 103 104 105 106 107 108 109 110 111 112 113 114 115 116 117 118 119 120 121 120 119 118 117 116 115 114 113 112 111 110 109 108 107 106 105 104 103 102 101 100 101 102 103 104 105 106 107 108 109 110 111 
167 166 165 164 163 162 161 160 159 158 157 156 155 154 153 152 151 150 149 148 147 146 145 144 143 142 141 140 139 138 137 136 135 134 133 132 131 130 129 128 127 126 125 124 123 122 121 120 119 118 117 116 115 114 113 112 111 110 109 108 107 106 105 104 103 102 101 100  99  98  97  96  97  98  99 100 101 102 103 104 105 106 107 108 109 110 111 112 113 114 115 116 117 118 119 120 119 118 117 116 115 114 113 112 111 110 109 108 107 106 105 104 103 102 101 100  99 100 101 102 103 104 105 106 107 108 109 110 
166 165 164 163 162 161 160 159 158 157 156 155 154 153 152 151 150 149 148 147 146 145 144 143 142 141 140 139 138 137 136 135 134 133 132 131 130 129 128 127 126 125 124 123 122 121 120 119 118 117 116 115 114 113 112 111 110 109 108 107 106 105 104 103 102 101 100  99  98  97  96  95  96  97  98  99 100 101 102 103 104 105 106 107 108 109 110 111 112 113 114 115 116 117 118 119 118 117 116 115 114 113 112 111 110 109 108 107 106 105 104 103 102 101 100  99  98  99 100 101 102 103 104 105 106 107 108 109 
165 164 163 162 161 160 159 158 157 156 155 154 153 152 151 150 149 148 147 146 145 144 143 142 141 140 139 138 137 136 135 134 133 132 131 130 129 128 127 126 125 124 123 122 121 120 119 118 117 116 115 114 113 112 111 110 109 108 107 106 105 104 103 102 101 100  99  98  97  96  95  94  95  96  97  98  99 100 101 102 103 104 105 106 107 108 109 110 111 112 113 114 115 116 117 118 117 116 115 114 113 112 111 110 109 108 107 106 105 104 103 102 101 100  99  98  97  98  99 100 101 102 103 104 105 106 107 108 
164 163 162 161 160 159 158 157 156 155 154 153 152 151 150 149 148 147 146 145 144 143 142 141 140 139 138 137 136 135 134 133 132 131 130 129 128 127 126 125 124 123 122 121 120 119 118 117 116 115 114 113 112 111 110 109 108 107 106 105 104 103 102 101 100  99  98  97  96  95  94  93  94  95  96  97  98  99 100 101 102 103 104 105 106 107 108 109 110 111 112 113 114 115 116 117 116 115 114 113 112 111 110 109 108 107 106 105 104 103 102 101 100  99  98  97  96  97  98  99 100 101 102 103 104 105 106 107 
163 162 161 160 159 158 157 156 155 154 153 152 151 150 149 148 147 146 145 144 143 142 141 140 139 138 137 136 135 134 133 132 131 130 129 128 127 126 125 124 123 122 121 120 119 118 117 116 115 114 113 112 111 110 109 108 107 106 105 104 103 102 101 100  99  98  97  96  95  94  93  92  93  94  95  96  97  98  99 100 101 102 103 104 105 106 107 108 109 110 111 112 113 114 115 116 115 114 113 112 111 110 109 108 107 106 105 104 103 102 101 100  99  98  97  96  95  96  97  98  99 100 101 102 103 104 105 106 
162 161 160 159 158 157 156 155 154 153 152 151 150 149 148 147 146 145 144 143 142 141 140 139 138 137 136 135 134 133 132 131 130 129 128 127 126 125 124 123 122 121 120 119 118 117 116 115 114 113 112 111 110 109 108 107 106 105 104 103 102 101 100  99  98  97  96  95  94  93  92  91  92  93  94  95  96  97  98  99 100 101 102 103 104 105 106 107 108 109 110 111 112 113 114 115 114 113 112 111 110 109 108 107 106 105 104 103 102 101 100  99  98  97  96  95  94  95  96  97  98  99 100 101 102 103 104 105 
161 160 159 158 157 156 155 154 153 152 151 150 149 148 147 146 145 144 143 142 141 140 139 138 137 136 135 134 133 132 131 130 129 128 127 126 125 124 123 122 121 120 119 118 117 116 115 114 113 112 111 110 109 108 107 106 105 104 103 102 101 100  99  98  97  96  95  94  93  92  91  90  91  92  93  94  95  96  97  98  99 100 101 102 103 104 105 106 107 108 109 110 111 112 113 114 113 112 111 110 109 108 107 106 105 104 103 102 101 100  99  98  97  96  95  94  93  94  95  96  97  98  99 100 101 102 103 104 
160 159 158 157 156 155 154 153 152 151 150 149 148 147 146 145 144 143 142 141 140 139 138 137 136 135 134 133 132 131 130 129 128 127 126 125 124 123 122 121 120 119 118 117 116 115 114 113 112 111 110 109 108 107 106 105 104 103 102 101 100  99  98  97  96  95  94  93  92  91  90  89  90  91  92  93  94  95  96  97  98  99 100 101 102 103 104 105 106 107 108 109 110 111 112 113 112 111 110 109 108 107 106 105 104 103 102 101 100  99  98  97  96  95  94  93  92  93  94  95  96  97  98  99 100 101 102 103 
159 158 157 156 155 154 153 152 151 150 149 148 147 146 145 144 143 142 141 140 139 138 137 136 135 134 133 132 131 130 129 128 127 126 125 124 123 122 121 120 119 118 117 116 115 114 113 112 111 110 109 108 107 106 105 104 103 102 101 100  99  98  97  96  95  94  93  92  91  90  89  88  89  90  91  92  93  94  95  96  97  98  99 100 101 102 103 104 105 106 107 108 109 110 111 112 111 110 109 108 107 106 105 104 103 102 101 100  99  98  97  96  95  94  93  92  91  92  93  94  95  96  97  98  99 100 101 102 
158 157 156 155 154 153 152 151 150 149 148 147 146 145 144 143 142 141 140 139 138 137 136 135 134 133 132 131 130 129 128 127 126 125 124 123 122 121 120 119 118 117 116 115 114 113 112 111 110 109 108 107 106 105 104 103 102 101 100  99  98  97  96  95  94  93  92  91  90  89  88  87  88  89  90  91  92  93  94  95  96  97  98  99 100 101 102 103 104 105 106 107 108 109 110 111 110 109 108 107 106 105 104 103 102 101 100  99  98  97  96  95  94  93  92  91  90  91  92  93  94  95  96  97  98  99 100 101 
157 156 155 154 153 152 151 150 149 148 147 146 145 144 143 142 141 140 139 138 137 136 135 134 133 132 131 130 129 128 127 126 125 124 123 122 121 120 119 118 117 116 115 114 113 112 111 110 109 108 107 106 105 104 103 102 101 100  99  98  97  96  95  94  93  92  91  90  89  88  87  86  87  88  89  90  91  92  93  94  95  96  97  98  99 100 101 102 103 104 105 106 107 108 109 110 109 108 107 106 105 104 103 102 101 100  99  98  97  96  95  94  93  92  91  90  89  90  91  92  93  94  95  96  97  98  99 100 
156 155 154 153 152 151 150 149 148 147 146 145 144 143 142 141 140 139 138 137 136 135 134 133 132 131 130 129 128 127 126 125 124 123 122 121 120 119 118 117 116 115 114 113 112 111 110 109 108 107 106 105 104 103 102 101 100  99  98  97  96  95  94  93  92  91  90  89  88  87  86  85  86  87  88  89  90  91  92  93  94  95  96  97  98  99 100 101 102 103 104 105 106 107 108 109 108 107 106 105 104 103 102 101 100  99  98  97  96  95  94  93  92  91  90  89  88  89  90  91  92  93  94  95  96  97  98  99 
155 154 153 152 151 150 149 148 147 146 145 144 143 142 141 140 139 138 137 136 135 134 133 132 131 130 129 128 127 126 125 124 123 122 121 120 119 118 117 116 115 114 113 112 111 110 109 108 107 106 105 104 103 102 101 100  99  98  97  96  95  94  93  92  91  90  89  88  87  86  85  84  85  86  87  88  89  90  91  92  93  94  95  96  97  98  99 100 101 102 103 104 105 106 107 108 107 106 105 104 103 102 101 100  99  98  97  96  95  94  93  92  91  90  89  88  87  88  89  90  91  92  93  94  95  96  97  98 
154 153 152 151 150 149 148 147 146 145 144 143 142 141 140 139 138 137 136 135 134 133 132 131 130 129 128 127 128 127 126 125 124 123 122 121 120 119 255 255 255 255 255 255 255 255 255 107 106 105 104 103 102 101 100  99  98  97  96  95  94  93  92  91  90  89  88  87  86  85  84  83  84  85  86  87  88  89  90  91  92  93  94  95  96  97  98  99 100 101 102 103 104 105 106 107 106 105 104 103 102 101 100  99  98  97  96  95  94  93  92  91  90  89  88  87  86  87  88  89  90  91  92  93  94  95  96  97 
153 152 151 150 149 148 147 146 145 144 143 142 141 140 139 138 137 136 135 134 133 132 131 130 129 128 127 126 127 128 127 126 125 124 123 122 121 255 255 255 255 255 255 255 255 255 255 108 107 106 255 255 255 255 255 255 255 255 255 255  93  92  91  90  89  88  87  86  85  84  83  82  83  84  85  86  87  88  89  90  91  92  93  94  95  96  97  98  99 100 101 102 103 104 105 106 105 104 103 102 101 100  99  98  97  96  95  94  93  92  91  90  89  88  87  86  85  86  87  88  89  90  91  92  93  94  95  96 
152 151 150 149 148 147 146 145 144 143 142 141 140 139 138 137 136 135 134 133 132 131 130 129 128 127 126 125 126 127 128 127 126 125 124 123 122 255 255 255 255 255 255 255 255 255 255 255 108 107 255 255 255 255 255 255 255 255 255 255  92  91  90  89  88  87  86  85  84  83  82  81  82  83  84  85  86  87  88  89  90  91  92  93  94  95  96  97  98  99 100 101 102 103 104 105 104 103 102 101 100  99  98  97  96  95  94  93  92  91  90  89  88  87  86  85  84  85  86  87  88  89  90  91  92  93  94  95 
151 150 149 148 147 146 145 144 143 142 141 140 139 138 137 136 135 134 133 132 131 130 129 128 127 126 125 124 125 126 127 128 127 126 125 124 255 255 255 255 255 255 255 255 255 255 255 255 109 108 255 255 255 255 255 255 255 255 255 255  91  90  89  88  87  86  85  84  83  82  81  80  81  82  83  84  85  86  87  88  89  90  91  92  93  94  95  96  97  98  99 100 101 102 103 104 103 102 101 100  99  98  97  96  95  94  93  92  91  90  89  88  87  86  85  84  83  84  85  86  87  88  89  90  91  92  93  94 
150 149 148 147 146 145 144 143 142 141 140 139 138 137 136 135 134 133 132 131 130 129 128 127 126 125 124 123 124 125 126 127 128 127 126 125 255 255 255 255 255 255 255 255 255 255 255 255 255 109 255 255 255 255 255 255 255 255 255 255  90  89  88  87  86  85  84  83  82  81  80  79  80  81  82  83  84  85  86  87  88  89  90  91  92  93  94  95  96  97  98  99 100 101 102 103 102 101 100  99  98  97  96  95  94  93  92  91  90  89  88  87  86  85  84  83  82  83  84  85  86  87  88  89  90  91  92  93 
149 148 147 146 145 144 143 142 141 140 139 138 137 136 135 134 133 132 131 130 129 128 127 126 125 124 123 122 123 124 125 126 127 128 127 255 255 255 255 255 255 255 255 255 255 255 255 255 255 110 255 255 255 255 255 255 255 255 255 255  89  88  87  86  85  84  83  82  81  80  79  78  79  80  81  82  83  84  85  86  87  88  89  90  91  92  93  94  95  96  97  98  99 100 101 102 101 100  99  98  97  96  95  94  93  92  91  90  89  88  87  86  85  84  83  82  81  82  83  84  85  86  87  88  89  90  91  92 
148 147 146 145 144 143 142 141 140 139 138 137 136 135 134 133 132 131 130 129 128 127 126 125 124 123 122 121 122 123 124 125 126 127 128 255 255 255 255 255 255 255 255 255 255 255 255 255 255 255 255 255 255 255 255 255 255 255 255 255  88  87  86  85  84  83  82  81  80  79  78  77  78  79  80  81  82  83  84  85  86  87  88  89  90  91  92  93  94  95  96  97  98  99 100 101 100  99  98  97  96  95  94  93  92  91  90  89  88  87  86  85  84  83  82  81  80  81  82  83  84  85  86  87  88  89  90  91 
147 146 145 144 143 142 141 140 139 138 137 136 135 134 133 132 131 130 129 128 127 126 125 124 123 122 121 120 121 122 123 124 125 126 255 255 255 255 255 255 255 255 255 255 255 255 255 255 255 255 255 255 255 255 255 255 255 255 255 255  87  86  85  84  83  82  81  80  79  78  77  76  77  78  79  80  81  82  83  84  85  86  87  88  89  90  91  92  93  94  95  96  97  98  99 100  99  98  97  96  95  94  93  92  91  90  89  88  87  86  85  84  83  82  81  80  79  80  81  82  83  84  85  86  87  88  89  90 
146 145 144 143 142 141 140 139 138 137 136 135 134 133 132 131 130 129 128 127 126 125 124 123 122 121 120 119 120 121 122 123 124 255 255 255 255 255 255 255 255 255 255 255 255 255 255 255 255 255 255 255 255 255 255 255 255 255 255 255  86  85  84  83  82  81  80  79  78  77  76  75  76  77  78  79  80  81  82  83  84  85  86  87  88  89  90  91  92  93  94  95  96  97  98  99  98  97  96  95  94  93  92  91  90  89  88  87  86  85  84  83  82  81  80  79  78  79  80  81  82  83  84  85  86  87  88  89 
145 144 143 142 141 140 139 138 137 136 135 134 133 132 131 130 129 128 127 126 125 124 123 122 121 120 119 118 119 120 121 122 123 255 255 255 255 255 255 255 255 255 255 255 255 255 255 255 255 254 255 255 255 255 255 255 255 255 255 255  85  84  83  82  81  80  79  78  77  76  75  74  75  76  77  78  79  80  81  82  83  84  85  86  87  88  89  90  91  92  93  94  95  96  97  98  97  96  95  94  93  92  91  90  89  88  87  86  85  84  83  82  81  80  79  78  77  78  79  80  81  82  83  84  85  86  87  88 
144 143 142 141 140 139 138 137 136 135 134 133 132 131 130 129 128 127 126 125 124 123 122 121 120 119 118 117 118 119 120 121 255 255 255 255 255 255 255 255 255 255 255 255 255 255 255 255 255 255 255 255 255 255 255 255 255 255 255 255  84  83  82  81  80  79  78  77  76  75  74  73  74  75  76  77  78  79  80  81  82  83  84  85  86  87  88  89  90  91  92  93  94  95  96  97  96  95  94  93  92  91  90  89  88  87  86  85  84  83  82  81  80  79  78  77  76  77  78  79  80  81  82  83  84  85  86  87 
143 142 141 140 139 138 137 136 135 134 133 132 131 130 129 128 127 126 125 124 123 122 121 120 119 118 117 116 117 118 119 120 255 255 255 255 255 255 255 255 255 255 255 255 255 255 255 255 255 255 255 255 255 255 255 255 255 255 255 255  83  82  81  80  79  78  77  76  75  74  73  72  73  74  75  76  77  78  79  80  81  82  83  84  85  86  87  88  89  90  91  92  93  94  95  96  95  94  93  92  91  90  89  88  87  86  85  84  83  82  81  80  79  78  77  76  75  76  77  78  79  80  81  82  83  84  85  86 
142 141 140 139 138 137 136 135 134 133 132 131 130 129 128 127 126 125 124 123 122 121 120 119 118 117 116 115 116 117 118 255 255 255 255 255 255 255 255 255 255 255 255 255 255 255 255 255 255 255 255 255 255 255 255 255 255 255 255 255  82  81  80  79  78  77  76  75  74  73  72  71  72  73  74  75  76  77  78  79  80  81  82  83  84  85  86  87  88  89  90  91  92  93  94  95  94  93  92  91  90  89  88  87  86  85  84  83  82  81  80  79  78  77  76  75  74  75  76  77  78  79  80  81  82  83  84  85 
141 140 139 138 137 136 135 134 133 132 131 130 129 128 127 126 125 124 123 122 121 120 119 118 117 116 115 114 115 116 117 255 255 255 255 255 255 255 255 255 255 255 255 255 255 255 255 255 255 255 255 255 255 255 255 255 255 255 255 255  81  80  79  78  77  76  75  74  73  72  71  70  71  72  73  74  75  76  77  78  79  80  81  82  83  84  85  86  87  88  89  90  91  92  93  94  93  92  91  90  89  88  87  86  85  84  83  82  81  80  79  78  77  76  75  74  73  74  75  76  77  78  79  80  81  82  83  84 
140 139 138 137 136 135 134 133 132 131 130 129 128 127 126 125 124 123 122 121 120 119 118 117 116 115 114 113 114 115 255 255 255 255 255 255 255 255 255 255 255 255 255 255 255 255  94  93  92  91 255 255 255 255 255 255 255 255 255 255  80  79  78  77  76  75  74  73  72  71  70  69  70  71  72  73  74  75  76  77  78  79  80  81  82  83  84  85  86  87  88  89  90  91  92  93  92  91  90  89  88  87  86  85  84  83  82  81  80  79  78  77  76  75  74  73  72  73  74  75  76  77  78  79  80  81  82  83 
139 138 137 136 135 134 133 132 131 130 129 128 127 126 125 124 123 122 121 120 119 118 117 116 115 114 113 112 113 255 255 255 255 255 255 255 255 255 255 255 255 255 255 255 255 255  93  92  91  90 255 255 255 255 255 255 255 255 255 255  79  78  77  76  75  74  73  72  71  70  69  68  69  70  71  72  73  74  75  76  77  78  79  80  81  82  83  84  85  86  87  88  89  90  91  92  91  90  89  88  87  86  85  84  83  82  81  80  79  78  77  76  75  74  73  72  71  72  73  74  75  76  77  78  79  80  81  82 
138 137 136 135 134 133 132 131 130 129 128 127 126 125 124 123 122 121 120 119 118 117 116 115 114 113 112 111 112 255 255 255 255 255 255 255 255 255 255 255 255 255 255 255 255  93  92  91  90  89 255 255 255 255 255 255 255 255 255 255  78  77  76  75  74  73  72  71  70  69  68  67  68  69  70  71  72  73  74  75  76  77  78  79  80  81  82  83  84  85  86  87  88  89  90  91  90  89  88  87  86  85  84  83  82  81  80  79  78  77  76  75  74  73  72  71  70  71  72  73  74  75  76  77  78  79  80  81 
137 136 135 134 133 132 131 130 129 128 127 126 125 124 123 122 121 120 119 118 117 116 115 114 113 112 111 110 255 255 255 255 255 255 255 255 255 255 255 255 255 255 255 255  93  92  91  90  89  88 255 255 255 255 255 255 255 255 255 255  77  76  75  74  73  72  71  70  69  68  67  66  67  68  69  70  71  72  73  74  75  76  77  78  79  80  81  82  83  84  85  86  87  88  89  90  89  88  87  86  85  84  83  82  81  80  79  78  77  76  75  74  73  72  71  70  69  70  71  72  73  74  75  76  77  78  79  80 
136 135 134 133 132 131 130 129 128 127 126 125 124 123 122 121 120 119 118 117 116 115 114 113 112 111 110 109 255 255 255 255 255 255 255 255 255 255 255 255 255 255 255 255  92  91  90  89  88  87 255 255 255 255 255 255 255 255 255 255  76  75  74  73  72  71  70  69  68  67  66  65  66  67  68  69  70  71  72  73  74  75  76  77  78  79  80  81  82  83  84  85  86  87  88  89  88  87  86  85  84  83  82  81  80  79  78  77  76  75  74  73  72  71  70  69  68  69  70  71  72  73  74  75  76  77  78  79 
135 134 133 132 131 130 129 128 127 126 125 124 123 122 121 120 119 118 117 116 115 114 113 112 111 110 109 108 107 255 255 255 255 255 255 255 255 255 255 255 255 255 255  92  91  90  89  88  87  86 255 255 255 255 255 255 255 255 255 255  75  74  73  72  71  70  69  68  67  66  65  64  65  66  67  68  69  70  71  72  73  74  75  76  77  78  79  80  81  82  83  84  85  86  87  88  87  86  85  84  83  82  81  80  79  78  77  76  75  74  73  72  71  70  69  68  67  68  69  70  71  72  73  74  75  76  77  78 
134 133 132 131 130 129 128 127 126 125 124 123 122 121 120 119 118 117 116 115 114 113 112 111 110 109 108 107 106 105 255 255 255 255 255 255 255 255 255 255 255 255 255  91  90  89  88  87  86  85 255 255 255 255 255 255 255 255 255 255  74  73  72  71  70  69  68  67  66  65  64  63  64  65  66  67  68  69  70  71  72  73  74  75  76  77  78  79  80  81  82  83  84  85  86  87  86  85  84  83  82  81  80  79  78  77  76  75  74  73  72  71  70  69  68  67  66  67  68  69  70  71  72  73  74  75  76  77 
133 132 131 130 129 128 127 126 125 124 123 122 121 120 119 118 117 116 115 114 113 112 111 110 109 108 107 106 105 104 255 255 255 255 255 255 255 255 255 255 255 255  91  90  89  88  87  86  85  84 255 255 255 255 255 255 255 255 255 255  73  72  71  70  69  68  67  66  65  64  63  62  63  64  65  66  67  68  69  70  71  72  73  74  75  76  77  78  79  80  81  82  83  84  85  86  85  84  83  82  81  80  79  78  77  76  75  74  73  72  71  70  69  68  67  66  65  66  67  68  69  70  71  72  73  74  75  76 
132 131 130 129 128 127 126 125 124 123 122 121 120 119 118 117 116 115 114 113 112 111 110 109 108 107 106 105 104 103 102 255 255 255 255 255 255 255 255 255 255 255  90  89  88  87  86  85  84  83  82  81  80  79  78  77  76  75  74  73  72  71  70  69  68  67  66  65  64  63  62  61  62  63  64  65  66  67  68  69  70  71  72  73  74  75  76  77  78  79  80  81  82  83  84  85  84  83  82  81  80  79  78  77  76  75  74  73  72  71  70  69  68  67  66  65  64  65  66  67  68  69  70  71  72  73  74  75 
131 130 129 128 127 126 125 124 123 122 121 120 119 118 117 116 115 114 113 112 111 110 109 108 107 106 105 104 103 102 101 100 255 255 255 255 255 255 255 255 255  90  89  88  87  86  85  84  83  82  81  80  79  78  77  76  75  74  73  72  71  70  69  68  67  66  65  64  63  62  61  60  61  62  63  64  65  66  67  68  69  70  71  72  73  74  75  76  77  78  79  80  81  82  83  84  83  82  81  80  79  78  77  76  75  74  73  72  71  70  69  68  67  66  65  64  63  64  65  66  67  68  69  70  71  72  73  74 
130 129 128 127 126 125 124 123 122 121 120 119 118 117 116 115 114 113 112 111 110 109 108 107 106 105 104 103 102 101 100  99  98 255 255 255 255 255 255 255  90  89  88  87  86  85  84  83  82  81  80  79  78  77  76  75  74  73  72  71  70  69  68  67  66  65  64  63  62  61  60  59  60 255 255  65  66  67  68  69  70  71  72  73  74  75  76  77  78  79  80  81  82  83  84  83  82  81  80  79  78  77  76  75  74  73  72  71  70  69  68  67  66  65  64  63  62  63  64  65  66  67  68  69  70  71  72  73 
129 128 127 126 125 124 123 122 121 120 119 118 117 116 115 114 113 112 111 110 109 108 107 106 105 104 103 102 101 100  99  98  97  96  95  94  93  92  91  90  89  88  87  86  85  84  83  82  81  80  79  78  77  76  75  74  73  72  71  70  69  68  67  66  65  64  63  62  61  60  59  58  59 255 255 255 255 255 255 255 255 255 255 255 255 255 255 255 255 255  81  82  83  84  83  82  81  80  79  78  77  76  75  74  73  72  71  70  69  68  67  66  65  64  63  62  61  62  63  64  65  66  67  68  69  70  71  72 
128 127 126 125 124 123 122 121 120 119 118 117 116 115 114 113 112 111 110 109 108 107 106 105 104 103 102 101 100  99  98  97  96  95  94  93  92  91  90  89  88  87  86  85  84  83  82  81  80  79  78  77  76  75  74  73  72  71  70  69  68  67  66  65  64  63  62  61  60  59  58  57  58 255 255 255 255 255 255 255 255 255 255 255 255 255 255 255 255 255 255 255 255 255 255 255 255 255 255 255 255 255 255 255 255  71  70  69  68  67  66  65  64  63  62  61  60  61  62  63  64  65  66  67  68  69  70  71 
127 126 125 124 123 122 121 120 119 118 117 116 115 114 113 112 111 110 109 108 107 106 105 104 103 102 101 100  99  98  97  96  95  94  93  92  91  90  89  88  87  86  85  84  83  82  81  80  79  78  77  76  75  74  73  72  71  70  69  68  67  66  65  64  63  62  61  60  59  58  57  56  57 255 255 255 255 255 255 255 255 255 255 255 255 255 255 255 255 255 255 255 255 255 255 255 255 255 255 255 255 255 255 255 255 255 255 255 255 255 255 255 255 255 255 255  59  60  61  62  63  64  65  66  67  68  69  70 
126 125 124 123 122 121 120 119 118 117 116 115 114 113 112 111 110 109 108 107 106 105 104 103 102 101 100  99  98  97  96  95  94  93  92  91  90  89  88  87  86  85  84  83  82  81  80  79  78  77  76  75  74  73  72  71  70  69  68  67  66  65  64  63  62  61  60  59  58  57  56  55  56 255 255 255 255 255 255 255 255 255 255 255 255 255 255 255 255 255 255 255 255 255 255 255 255 255 255 255 255 255 255 255 255 255 255 255 255 255 255 255 255 255 255 255  58  59  60  61  62  63  64  65  66  67  68  69 
125 124 123 122 121 120 119 118 117 116 115 114 113 112 111 110 109 108 107 106 105 104 103 102 101 100  99  98  97  96  95  94  93  92  91  90  89  88  87  86  85  84  83  82  81  80  79  78  77  76  75  74  73  72  71  70  69  68  67  66  65  64  63  62  61  60  59  58  57  56  55  54  55 255 255 255 255 255 255 255 255 255 255 255 255 255 255 255 255 255 255 255 255 255 255 255 255 255 255 255 255 255 255 255 255 255 255 255 255 255 255 255 255 255 255  56  57  58  59  60  61  62  63  64  65  66  67  68 
124 123 122 121 120 119 118 117 116 115 114 113 112 111 110 109 108 107 106 105 104 103 102 101 100  99  98  97  96  95  94  93  92  91  90  89  88  87  86  85  84  83  82  81  80  79  78  77  76  75  74  73  72  71  70  69  68  67  66  65  64  63  62  61  60  59  58  57  56  55  54  53  54 255 255 255 255 255 255 255 255 255 255 255 255 255 255 255 255 255 255 255 255 255 255 255 255 255 255 255 255 255 255 255 255 255 255 255 255 255 255 255 255 255  54  55  56  57  58  59  60  61  62  63  64  65  66  67 
123 122 121 120 119 118 117 116 115 114 113 112 111 110 109 108 107 106 105 104 103 102 101 100  99  98  97  96  95  94  93  92  91  90  89  88  87  86  85  84  83  82  81  80  79  78  77  76  75  74  73  72  71  70  69  68  67  66  65  64  63  62  61  60  59  58  57  56  55  54  53  52  53 255 255 255 255 255 255 255 255 255 255 255 255 255 255 255 255 255 255 255 255 255 255 255 255 255 255 255 255 255 255 255 255 255 255 255 255 255 255 255 255  52  53  54  55  56  57  58  59  60  61  62  63  64  65  66 
122 121 120 119 118 117 116 115 114 113 112 111 110 109 108 107 106 105 104 103 102 101 100  99  98  97  96  95  94  93  92  91  90  89  88  87  86  85  84  83  82  81  80  79  78  77  76  75  74  73  72  71  70  69  68  67  66  65  64  63  62  61  60  59  58  57  56  55  54  53  52  51 255 255 255 255 255 255 255 255 255 255 255 255 255 255 255 255 255 255 255 255 255 255 255 255 255 255 255 255 255 255 255 255 255 255 255 255 255 255 255 255 255  51  52  53  54  55  56  57  58  59  60  61  62  63  64  65 
121 120 119 118 117 116 115 114 113 112 111 110 109 108 107 106 105 104 103 102 101 100  99  98  97  96  95  94  93  92  91  90  89  88  87  86  85  84  83  82  81  80  79  78  77  76  75  74  73  72  71  70  69  68  67  66  65  64  63  62  61  60  59  58  57  56  55  54  53  52  51  50 255 255 255 255 255 255 255 255 255 255 255 255 255 255 255 255 255 255 255 255 255 255 255 255 255 255 255 255 255 255 255 255 255 255 255 255 255 255 255 255  49  50  51  52  53  54  55  56  57  58  59  60  61  62  63  64 
120 119 118 117 116 115 114 113 112 111 110 109 108 107 106 105 104 103 102 101 100  99  98  97  96  95  94  93  92  91  90  89  88  87  86  85  84  83  82  81  80  79  78  77  76  75  74  73  72  71  70  69  68  67  66  65  64  63  62  61  60  59  58  57  56  55  54  53  52  51  50  49 255 255 255 255 255 255 255 255 255 255 255 255 255 255 255 255 255 255 255 255 255 255 255 255 255 255 255 255 255 255 255 255 255 255 255 255 255 255 255  47  48  49  50  51  52  53  54  55  56  57  58  59  60  61  62  63 
119 118 117 116 115 114 113 112 111 110 109 108 107 106 105 104 103 102 101 100  99  98  97  96  95  94  93  92  91  90  89  88  87  86  85  84  83  82  81  80  79  78  77  76  75  74  73  72  71  70  69  68  67  66  65  64  63  62  61  60  59  58  57  56  55  54  53  52  51  50  49  48 255 255 255 255 255 255 255 255 255 255 255 255 255 255 255 255 255 255 255 255 255 255 255 255 255 255 255 255 255 255 255 255 255 255 255 255 255 255 255  46  47  48  49  50  51  52  53  54  55  56  57  58  59  60  61  62 
118 117 116 115 114 113 112 111 110 109 108 107 106 105 104 103 102 101 100  99  98  97  96  95  94  93  92  91  90  89  88  87  86  85  84  83  82  81  80  79  78  77  76  75  74  73  72  71  70  69  68  67  66  65  64  63  62  61  60  59  58  57  56  55  54  53  52  51  50  49  48  47 255 255 255 255 255 255 255 255 255 255 255 255 255 255 255 255 255 255 255 255 255 255 255 255 255 255 255 255 255 255 255 255 255 255 255 255 255 255  44  45  46  47  48  49  50  51  52  53  54  55  56  57  58  59  60  61 
117 116 115 114 113 112 111 110 109 108 107 106 105 104 103 102 101 100  99  98  97  96  95  94  93  92  91  90  89  88  87  86  85  84  83  82  81  80  79  78  77  76  75  74  73  72  71  70  69  68  67  66  65  64  63  62  61  60  59  58  57  56  55  54  53  52  51  50  49  48  47  46 255 255 255 255 255 255 255 255 255 255 255 255 255 255 255 255 255 255 255 255 255 255 255 255 255 255 255 255 255 255 255 255 255 255 255 255 255  42  43  44  45  46  47  48  49  50  51  52  53  54  55  56  57  58  59  60 
116 115 114 113 112 111 110 109 108 107 106 105 104 103 102 101 100  99  98  97  96  95  94  93  92  91  90  89  88  87  86  85  84  83  82  81  80  79  78  77  76  75  74  73  72  71  70  69  68  67  66  65  64  63  62  61  60  59  58  57  56  55  54  53  52  51  50  49  48  47  46  45  44  43 255 255 255 255 255 255 255 255 255 255 255 255 255 255 255 255 255 255 255 255 255 255 255 255 255 255 255 255 255 255 255 255 255 255  40  41  42  43  44  45  46  47  48  49  50  51  52  53  54  55  56  57  58  59 
115 114 113 112 111 110 109 108 107 106 105 104 103 102 101 100  99  98  97  96  95  94  93  92  91  90  89  88  87  86  85  84  83  82  81  80  79  78  77  76  75  74  73  72  71  70  69  68  67  66  65  64  63  62  61  60  59  58  57  56  55  54  53  52  51  50  49  48  47  46  45  44  43  42  41  40  39  38  37  36  35  34  33  32  31  30  29  28  27  26 255 255 255 255 255 255 255 255 255 255 255 255 255 255 255 255 255 255  39  40  41  42  43  44  45  46  47  48  49  50  51  52  53  54  55  56  57  58 
114 113 112 111 110 109 108 107 106 105 104 103 102 101 100  99  98  97  96  95  94  93  92  91  90  89  88  87  86  85  84  83  82  81  80  79  78  77  76  75  74  73  72  71  70  69  68  67  66  65  64  63  62  61  60  59  58  57  56  55  54  53  52  51  50  49  48  47  46  45  44  43  42  41  40  39  38  37  36  35  34  33  32  31  30  29  28  27  26  25  24  23  22  23  24  25  26  27  28  29  30  31  32  33  34 255 255  37  38  39  40  41  42  43  44  45  46  47  48  49  50  51  52  53  54  55  56  57 
113 112 111 110 109 108 107 106 105 104 103 102 101 100  99  98  97  96  95  94  93  92  91  90  89  88  87  86  85  84  83  82  81  80  79  78  77  76  75  74  73  72  71  70  69  68  67  66  65  64  63  62  61  60  59  58  57  56  55  54  53  52  51  50  49  48  47  46  45  44  43  42  41  40  39  38  37  36  35  34  33  32  31  30  29  28  27  26  25  24  23  22  21  22  23  24  25  26  27  28  29  30  31  32  33  34  35  36  37  38  39  40  41  42  43  44  45  46  47  48  49  50  51  52  53  54  55  56 
112 111 110 109 108 107 106 105 104 103 102 101 100  99  98  97  96  95  94  93  92  91  90  89  88  87  86  85  84  83  82  81  80  79  78  77  76  75  74  73  72  71  70  69  68  67  66  65  64  63  62  61  60  59  58  57  56  55  54  53  52  51  50  49  48  47  46  45  44  43  42  41  40  39  38  37  36  35  34  33  32  31  30  29  28  27  26  25  24  23  22  21  20  21  22  23  24  25  26  27  28  29  30  31  32  33  34  35  36  37  38  39  40  41  42  43  44  45  46  47  48  49  50  51  52  53  54  55 
111 110 109 108 107 106 105 104 103 102 101 100  99  98  97  96  95  94  93  92  91  90  89  88  87  86  85  84  83  82  81  80  79  78  77  76  75  74  73  72  71  70  69  68  67  66  65  64  63  62  61  60  59  58  57  56  55  54  53  52  51  50  49  48  47  46  45  44  43  42  41  40  39  38  37  36  35  34  33  32  31  30  29  28  27  26  25  24  23  22  21  20  19  20  21  22  23  24  25  26  27  28  29  30  31  32  33  34  35  36  37  38  39  40  41  42  43  44  45  46  47  48  49  50  51  52  53  54 
110 109 108 107 106 105 104 103 102 101 100  99  98  97  96  95  94  93  92  91  90  89  88  87  86  85  84  83  82  81  80  79  78  77  76  75  74  73  72  71  70  69  68  67  66  65  64  63  62  61  60  59  58  57  56  55  54  53  52  51  50  49  48  47  46  45  44  43  42  41  40  39  38  37  36  35  34  33  32  31  30  29  28  27  26  25  24  23  22  21  20  19  18  19  20  21  22  23  24  25  26  27  28  29  30  31  32  33  34  35  36  37  38  39  40  41  42  43  44  45  46  47  48  49  50  51  52  53 
109 108 107 106 105 104 103 102 101 100  99  98  97  96  95  94  93  92  91  90  89  88  87  86  85  84  83  82  81  80  79  78  77  76  75  74  73  72  71  70  69  68  67  66  65  64  63  62  61  60  59  58  57  56  55  54  53  52  51  50  49  48  47  46  45  44  43  42  41  40  39  38  37  36  35  34  33  32  31  30  29  28  27  26  25  24  23  22  21  20  19  18  17  18  19  20  21  22  23  24  25  26  27  28  29  30  31  32  33  34  35  36  37  38  39  40  41  42  43  44  45  46  47  48  49  50  51  52 
108 107 106 105 104 103 102 101 100  99  98  97  96  95  94  93  92  91  90  89  88  87  86  85  84  83  82  81  80  79  78  77  76  75  74  73  72  71  70  69  68  67  66  65  64  63  62  61  60  59  58  57  56  55  54  53  52  51  50  49  48  47  46  45  44  43  42  41  40  39  38  37  36  35  34  33  32  31  30  29  28  27  26  25  24  23  22  21  20  19  18  17  16  17  18  19  20  21  22  23  24  25  26  27  28  29  30  31  32  33  34  35  36  37  38  39  40  41  42  43  44  45  46  47  48  49  50  51 
107 106 105 104 103 102 101 100  99  98  97  96  95  94  93  92  91  90  89  88  87  86  85  84  83  82  81  80  79  78  77  76  75  74  73  72  71  70  69  68  67  66  65  64  63  62  61  60  59  58  57  56  55  54  53  52  51  50  49  48  47  46  45  44  43  42  41  40  39  38  37  36  35  34  33  32  31  30  29  28  27  26  25  24  23  22  21  20  19  18  17  16  15  16  17  18  19  20  21  22  23  24  25  26  27  28  29  30  31  32  33  34  35  36  37  38  39  40  41  42  43  44  45  46  47  48  49  50 
106 105 104 103 102 101 100  99  98  97  96  95  94  93  92  91  90  89  88  87  86  85  84  83  82  81  80  79  78  77  76  75  74  73  72  71  70  69  68  67  66  65  64  63  62  61  60  59  58  57  56  55  54  53  52  51  50  49  48  47  46  45  44  43  42  41  40  39  38  37  36  35  34  33  32  31  30  29  28  27  26  25  24  23  22  21  20  19  18  17  16  15  14  15  16  17  18  19  20  21  22  23  24  25  26  27  28  29  30  31  32  33  34  35  36  37  38  39  40  41  42  43  44  45  46  47  48  49 
105 104 103 102 101 100  99  98  97  96  95  94  93  92  91  90  89  88  87  86  85  84  83  82  81  80  79  78  77  76  75  74  73  72  71  70  69  68  67  66  65  64  63  62  61  60  59  58  57  56  55  54  53  52  51  50  49  48  47  46  45  44  43  42  41  40  39  38  37  36  35  34  33  32  31  30  29  28  27  26  25  24  23  22  21  20  19  18  17  16  15  14  13  14  15  16  17  18  19  20  21  22  23  24  25  26  27  28  29  30  31  32  33  34  35  36  37  38  39  40  41  42  43  44  45  46  47  48 
104 103 102 101 100  99  98  97  96  95  94  93  92  91  90  89  88  87  86  85  84  83  82  81  80  79  78  77  76  75  74  73  72  71  70  69  68  67  66  65  64  63  62  61  60  59  58  57  56  55  54  53  52  51  50  49  48  47  46  45  44  43  42  41  40  39  38  37  36  35  34  33  32  31  30  29  28  27  26  25  24  23  22  21  20  19  18  17  16  15  14  13  12  13  14  15  16  17  18  19  20  21  22  23  24  25  26  27  28  29  30  31  32  33  34  35  36  37  38  39  40  41  42  43  44  45  46  47 
103 102 101 100  99  98  97  96  95  94  93  92  91  90  89  88  87  86  85  84  83  82  81  80  79  78  77  76  75  74  73  72  71  70  69  68  67  66  65  64  63  62  61  60  59  58  57  56  55  54  53  52  51  50  49  48  47  46  45  44  43  42  41  40  39  38  37  36  35  34  33  32  31  30  29  28  27  26  25  24  23  22  21  20  19  18  17  16  15  14  13  12  11  12  13  14  15  16  17  18  19  20  21  22  23  24  25  26  27  28  29  30  31  32  33  34  35  36  37  38  39  40  41  42  43  44  45  46 
102 101 100  99  98  97  96  95  94  93  92  91  90  89  88  87  86  85  84  83  82  81  80  79  78  77  76  75  74  73  72  71  70  69  68  67  66  65  64  63  62  61  60  59  58  57  56  55  54  53  52  51  50  49  48  47  46  45  44  43  42  41  40  39  38  37  36  35  34  33  32  31  30  29  28  27  26  25  24  23  22  21  20  19  18  17  16  15  14  13  12  11  10  11  12  13  14  15  16  17  18  19  20  21  22  23  24  25  26  27  28  29  30  31  32  33  34  35  36  37  38  39  40  41  42  43  44  45 
101 100  99  98  97  96  95  94  93  92  91  90  89  88  87  86  85  84  83  82  81  80  79  78  77  76  75  74  73  72  71  70  69  68  67  66  65  64  63  62  61  60  59  58  57  56  55  54  53  52  51  50  49  48  47  46  45  44  43  42  41  40  39  38  37  36  35  34  33  32  31  30  29  28  27  26  25  24  23  22  21  20  19  18  17  16  15  14  13  12  11  10   9  10  11  12  13  14  15  16  17  18  19  20  21  22  23  24  25  26  27  28  29  30  31  32  33  34  35  36  37  38  39  40  41  42  43  44 
100  99  98  97  96  95  94  93  92  91  90  89  88  87  86  85  84  83  82  81  80  79  78  77  76  75  74  73  72  71  70  69  68  67  66  65  64  63  62  61  60  59  58  57  56  55  54  53  52  51  50  49  48  47  46  45  44  43  42  41  40  39  38  37  36  35  34  33  32  31  30  29  28  27  26  25  24  23  22  21  20  19  18  17  16  15  14  13  12  11  10   9   8   9  10  11  12  13  14  15  16  17  18  19  20  21  22  23  24  25  26  27  28  29  30  31  32  33  34  35  36  37  38  39  40  41  42  43 
 99  98  97  96  95  94  93  92  91  90  89  88  87  86  85  84  83  82  81  80  79  78  77  76  75  74  73  72  71  70  69  68  67  66  65  64  63  62  61  60  59  58  57  56  55  54  53  52  51  50  49  48  47  46  45  44  43  42  41  40  39  38  37  36  35  34  33  32  31  30  29  28  27  26  25  24  23  22  21  20  19  18  17  16  15  14  13  12  11  10   9   8   7   8   9  10  11  12  13  14  15  16  17  18  19  20  21  22  23  24  25  26  27  28  29  30  31  32  33  34  35  36  37  38  39  40  41  42 
 98  97  96  95  94  93  92  91  90  89  88  87  86  85  84  83  82  81  80  79  78  77  76  75  74  73  72  71  70  69  68  67  66  65  64  63  62  61  60  59  58  57  56  55  54  53  52  51  50  49  48  47  46  45  44  43  42  41  40  39  38  37  36  35  34  33  32  31  30  29  28  27  26  25  24  23  22  21  20  19  18  17  16  15  14  13  12  11  10   9   8   7   6   7   8   9  10  11  12  13  14  15  16  17  18  19  20  21  22  23  24  25  26  27  28  29  30  31  32  33  34  35  36  37  38  39  40  41 
 97  96  95  94  93  92  91  90  89  88  87  86  85  84  83  82  81  80  79  78  77  76  75  74  73  72  71  70  69  68  67  66  65  64  63  62  61  60  59  58  57  56  55  54  53  52  51  50  49  48  47  46  45  44  43  42  41  40  39  38  37  36  35  34  33  32  31  30  29  28  27  26  25  24  23  22  21  20  19  18  17  16  15  14  13  12  11  10   9   8   7   6   5   6   7   8   9  10  11  12  13  14  15  16  17  18  19  20  21  22  23  24  25  26  27  28  29  30  31  32  33  34  35  36  37  38  39  40 
 96  95  94  93  92  91  90  89  88  87  86  85  84  83  82  81  80  79  78  77  76  75  74  73  72  71  70  69  68  67  66  65  64  63  62  61  60  59  58  57  56  55  54  53  52  51  50  49  48  47  46  45  44  43  42  41  40  39  38  37  36  35  34  33  32  31  30  29  28  27  26  25  24  23  22  21  20  19  18  17  16  15  14  13  12  11  10   9   8   7   6   5   4   5   6   7   8   9  10  11  12  13  14  15  16  17  18  19  20  21  22  23  24  25  26  27  28  29  30  31  32  33  34  35  36  37  38  39 
 95  94  93  92  91  90  89  88  87  86  85  84  83  82  81  80  79  78  77  76  75  74  73  72  71  70  69  68  67  66  65  64  63  62  61  60  59  58  57  56  55  54  53  52  51  50  49  48  47  46  45  44  43  42  41  40  39  38  37  36  35  34  33  32  31  30  29  28  27  26  25  24  23  22  21  20  19  18  17  16  15  14  13  12  11  10   9   8   7   6   5   4   3   4   5   6   7   8   9  10  11  12  13  14  15  16  17  18  19  20  21  22  23  24  25  26  27  28  29  30  31  32  33  34  35  36  37  38 
 94  93  92  91  90  89  88  87  86  85  84  83  82  81  80  79  78  77  76  75  74  73  72  71  70  69  68  67  66  65  64  63  62  61  60  59  58  57  56  55  54  53  52  51  50  49  48  47  46  45  44  43  42  41  40  39  38  37  36  35  34  33  32  31  30  29  28  27  26  25  24  23  22  21  20  19  18  17  16  15  14  13  12  11  10   9   8   7   6   5   4   3   2   3   4   5   6   7   8   9  10  11  12  13  14  15  16  17  18  19  20  21  22  23  24  25  26  27  28  29  30  31  32  33  34  35  36  37 
 93  92  91  90  89  88  87  86  85  84  83  82  81  80  79  78  77  76  75  74  73  72  71  70  69  68  67  66  65  64  63  62  61  60  59  58  57  56  55  54  53  52  51  50  49  48  47  46  45  44  43  42  41  40  39  38  37  36  35  34  33  32  31  30  29  28  27  26  25  24  23  22  21  20  19  18  17  16  15  14  13  12  11  10   9   8   7   6   5   4   3   2   1   2   3   4   5   6   7   8   9  10  11  12  13  14  15  16  17  18  19  20  21  22  23  24  25  26  27  28  29  30  31  32  33  34  35  36 
 92  91  90  89  88  87  86  85  84  83  82  81  80  79  78  77  76  75  74  73  72  71  70  69  68  67  66  65  64  63  62  61  60  59  58  57  56  55  54  53  52  51  50  49  48  47  46  45  44  43  42  41  40  39  38  37  36  35  34  33  32  31  30  29  28  27  26  25  24  23  22  21  20  19  18  17  16  15  14  13  12  11  10   9   8   7   6   5   4   3   2   1   0   1   2   3   4   5   6   7   8   9  10  11  12  13  14  15  16  17  18  19  20  21  22  23  24  25  26  27  28  29  30  31  32  33  34  35 
 93  92  91  90  89  88  87  86  85  84  83  82  81  80  79  78  77  76  75  74  73  72  71  70  69  68  67  66  65  64  63  62  61  60  59  58  57  56  55  54  53  52  51  50  49  48  47  46  45  44  43  42  41  40  39  38  37  36  35  34  33  32  31  30  29  28  27  26  25  24  23  22  21  20  19  18  17  16  15  14  13  12  11  10   9   8   7   6   5   4   3   2   1   2   3   4   5   6   7   8   9  10  11  12  13  14  15  16  17  18  19  20  21  22  23  24  25  26  27  28  29  30  31  32  33  34  35  36 
 94  93  92  91  90  89  88  87  86  85  84  83  82  81  80  79  78  77  76  75  74  73  72  71  70  69  68  67  66  65  64  63  62  61  60  59  58  57  56  55  54  53  52  51  50  49  48  47  46  45  44  43  42  41  40  39  38  37  36  35  34  33  32  31  30  29  28  27  26  25  24  23  22  21  20  19  18  17  16  15  14  13  12  11  10   9   8   7   6   5   4   3   2   3   4   5   6   7   8   9  10  11  12  13  14  15  16  17  18  19  20  21  22  23  24  25  26  27  28  29  30  31  32  33  34  35  36  37 
 95  94  93  92  91  90  89  88  87  86  85  84  83  82  81  80  79  78  77  76  75  74  73  72  71  70  69  68  67  66  65  64  63  62  61  60  59  58  57  56  55  54  53  52  51  50  49  48  47  46  45  44  43  42  41  40  39  38  37  36  35  34  33  32  31  30  29  28  27  26  25  24  23  22  21  20  19  18  17  16  15  14  13  12  11  10   9   8   7   6   5   4   3   4   5   6   7   8   9  10  11  12  13  14  15  16  17  18  19  20  21  22  23  24  25  26  27  28  29  30  31  32  33  34  35  36  37  38 
 96  95  94  93  92  91  90  89  88  87  86  85  84  83  82  81  80  79  78  77  76  75  74  73  72  71  70  69  68  67  66  65  64  63  62  61  60  59  58  57  56  55  54  53  52  51  50  49  48  47  46  45  44  43  42  41  40  39  38  37  36  35  34  33  32  31  30  29  28  27  26  25  24  23  22  21  20  19  18  17  16  15  14  13  12  11  10   9   8   7   6   5   4   5   6   7   8   9  10  11  12  13  14  15  16  17  18  19  20  21  22  23  24  25  26  27  28  29  30  31  32  33  34  35  36  37  38  39 
 97  96  95  94  93  92  91  90  89  88  87  86  85  84  83  82  81  80  79  78  77  76  75  74  73  72  71  70  69  68  67  66  65  64  63  62  61  60  59  58  57  56  55  54  53  52  51  50  49  48  47  46  45  44  43  42  41  40  39  38  37  36  35  34  33  32  31  30  29  28  27  26  25  24  23  22  21  20  19  18  17  16  15  14  13  12  11  10   9   8   7   6   5   6   7   8   9  10  11  12  13  14  15  16  17  18  19  20  21  22  23  24  25  26  27  28  29  30  31  32  33  34  35  36  37  38  39  40 
 98  97  96  95  94  93  92  91  90  89  88  87  86  85  84  83  82  81  80  79  78  77  76  75  74  73  72  71  70  69  68  67  66  65  64  63  62  61  60  59  58  57  56  55  54  53  52  51  50  49  48  47  46  45  44  43  42  41  40  39  38  37  36  35  34  33  32  31  30  29  28  27  26  25  24  23  22  21  20  19  18  17  16  15  14  13  12  11  10   9   8   7   6   7   8   9  10  11  12  13  14  15  16  17  18  19  20  21  22  23  24  25  26  27  28  29  30  31  32  33  34  35  36  37  38  39  40  41 
 99  98  97  96  95  94  93  92  91  90  89  88  87  86  85  84  83  82  81  80  79  78  77  76  75  74  73  72  71  70  69  68  67  66  65  64  63  62  61  60  59  58  57  56  55  54  53  52  51  50  49  48  47  46  45  44  43  42  41  40  39  38  37  36  35  34  33  32  31  30  29  28  27  26  25  24  23  22  21  20  19  18  17  16  15  14  13  12  11  10   9   8   7   8   9  10  11  12  13  14  15  16  17  18  19  20  21  22  23  24  25  26  27  28  29  30  31  32  33  34  35  36  37  38  39  40  41  42 
100  99  98  97  96  95  94  93  92  91  90  89  88  87  86  85  84  83  82  81  80  79  78  77  76  75  74  73  72  71  70  69  68  67  66  65  64  63  62  61  60  59  58  57  56  55  54  53  52  51  50  49  48  47  46  45  44  43  42  41  40  39  38  37  36  35  34  33  32  31  30  29  28  27  26  25  24  23  22  21  20  19  18  17  16  15  14  13  12  11  10   9   8   9  10  11  12  13  14  15  16  17  18  19  20  21  22  23  24  25  26  27  28  29  30  31  32  33  34  35  36  37  38  39  40  41  42  43 
101 100  99  98  97  96  95  94  93  92  91  90  89  88  87  86  85  84  83  82  81  80  79  78  77  76  75  74  73  72  71  70  69  68  67  66  65  64  63  62  61  60  59  58  57  56  55  54  53  52  51  50  49  48  47  46  45  44  43  42  41  40  39  38  37  36  35  34  33  32  31  30  29  28  27  26  25  24  23  22  21  20  19  18  17  16  15  14  13  12  11  10   9  10  11  12  13  14  15  16  17  18  19  20  21  22  23  24  25  26  27  28  29  30  31  32  33  34  35  36  37  38  39  40  41  42  43  44 
102 101 100  99  98  97  96  95  94  93  92  91  90  89  88  87  86  85  84  83  82  81  80  79  78  77  76  75  74  73  72  71  70  69  68  67  66  65  64  63  62  61  60  59  58  57  56  55  54  53  52  51  50  49  48  47  46  45  44  43  42  41  40  39  38  37  36  35  34  33  32  31  30  29  28  27  26  25  24  23  22  21  20  19  18  17  16  15  14  13  12  11  10  11  12  13  14  15  16  17  18  19  20  21  22  23  24  25  26  27  28  29  30  31  32  33  34  35  36  37  38  39  40  41  42  43  44  45 
103 102 101 100  99  98  97  96  95  94  93  92  91  90  89  88  87  86  85  84  83  82  81  80  79  78  77  76  75  74  73  72  71  70  69  68  67  66  65  64  63  62  61  60  59  58  57  56  55  54  53  52  51  50  49  48  47  46  45  44  43  42  41  40  39  38  37  36  35  34  33  32  31  30  29  28  27  26  25  24  23  22  21  20  19  18  17  16  15  14  13  12  11  12  13  14  15  16  17  18  19  20  21  22  23  24  25  26  27  28  29  30  31  32  33  34  35  36  37  38  39  40  41  42  43  44  45  46 
104 103 102 101 100  99  98  97  96  95  94  93  92  91  90  89  88  87  86  85  84  83  82  81  80  79  78  77  76  75  74  73  72  71  70  69  68  67  66  65  64  63  62  61  60  59  58  57  56  55  54  53  52  51  50  49  48  47  46  45  44  43  42  41  40  39  38  37  36  35  34  33  32  31  30  29  28  27  26  25  24  23  22  21  20  19  18  17  16  15  14  13  12  13  14  15  16  17  18  19  20  21  22  23  24  25  26  27  28  29  30  31  32  33  34  35  36  37  38  39  40  41  42  43  44  45  46  47 
105 104 103 102 101 100  99  98  97  96  95  94  93  92  91  90  89  88  87  86  85  84  83  82  81  80  79  78  77  76  75  74  73  72  71  70  69  68  67  66  65  64  63  62  61  60  59  58  57  56  55  54  53  52  51  50  49  48  47  46  45  44  43  42  41  40  39  38  37  36  35  34  33  32  31  30  29  28  27  26  25  24  23  22  21  20  19  18  17  16  15  14  13  14  15  16  17  18  19  20  21  22  23  24  25  26  27  28  29  30  31  32  33  34  35  36  37  38  39  40  41  42  43  44  45  46  47  48 
106 105 104 103 102 101 100  99  98  97  96  95  94  93  92  91  90  89  88  87  86  85  84  83  82  81  80  79  78  77  76  75  74  73  72  71  70  69  68  67  66  65  64  63  62  61  60  59  58  57  56  55  54  53  52  51  50  49  48  47  46  45  44  43  42  41  40  39  38  37  36  35  34  33  32  31  30  29  28  27  26  25  24  23  22  21  20  19  18  17  16  15  14  15  16  17  18  19  20  21  22  23  24  25  26  27  28  29  30  31  32  33  34  35  36  37  38  39  40  41  42  43  44  45  46  47  48  49 
107 106 105 104 103 102 101 100  99  98  97  96  95  94  93  92  91  90  89  88  87  86  85  84  83  82  81  80  79  78  77  76  75  74  73  72  71  70  69  68  67  66  65  64  63  62  61  60  59  58  57  56  55  54  53  52  51  50  49  48  47  46  45  44  43  42  41  40  39  38  37  36  35  34  33  32  31  30  29  28  27  26  25  24  23  22  21  20  19  18  17  16  15  16  17  18  19  20  21  22  23  24  25  26  27  28  29  30  31  32  33  34  35  36  37  38  39  40  41  42  43  44  45  46  47  48  49  50 
108 107 106 105 104 103 102 101 100  99  98  97  96  95  94  93  92  91  90  89  88  87  86  85  84  83  82  81  80  79  78  77  76  75  74  73  72  71  70  69  68  67  66  65  64  63  62  61  60  59  58  57  56  55  54  53  52  51  50  49  48  47  46  45  44  43  42  41  40  39  38  37  36  35  34  33  32  31  30  29  28  27  26  25  24  23  22  21  20  19  18  17  16  17  18  19  20  21  22  23  24  25  26  27  28  29  30  31  32  33  34  35  36  37  38  39  40  41  42  43  44  45  46  47  48  49  50  51 
109 108 107 106 105 104 103 102 101 100  99  98  97  96  95  94  93  92  91  90  89  88  87  86  85  84  83  82  81  80  79  78  77  76  75  74  73  72  71  70  69  68  67  66  65  64  63  62  61  60  59  58  57  56  55  54  53  52  51  50  49  48  47  46  45  44  43  42  41  40  39  38  37  36  35  34  33  32  31  30  29  28  27  26  25  24  23  22  21  20  19  18  17  18  19  20  21  22  23  24  25  26  27  28  29  30  31  32  33  34  35  36  37  38  39  40  41  42  43  44  45  46  47  48  49  50  51  52 
110 109 108 107 106 105 104 103 102 101 100  99  98  97  96  95  94  93  92  91  90  89  88  87  86  85  84  83  82  81  80  79  78  77  76  75  74  73  72  71  70  69  68  67  66  65  64  63  62  61  60  59  58  57  56  55  54  53  52  51  50  49  48  47  46  45  44  43  42  41  40  39  38  37  36  35  34  33  32  31  30  29  28  27  26  25  24  23  22  21  20  19  18  19  20  21  22  23  24  25  26  27  28  29  30  31  32  33  34  35  36  37  38  39  40  41  42  43  44  45  46  47  48  49  50  51  52  53 
111 110 109 108 107 106 105 104 103 102 101 100  99  98  97  96  95  94  93  92  91  90  89  88  87  86  85  84  83  82  81  80  79  78  77  76  75  74  73  72  71  70  69  68  67  66  65  64  63  62  61  60  59  58  57  56  55  54  53  52  51  50  49  48  47  46  45  44  43  42  41  40  39  38  37  36  35  34  33  32  31  30  29  28  27  26  25  24  23  22  21  20  19  20  21  22  23  24  25  26  27  28  29  30  31  32  33  34  35  36  37  38  39  40  41  42  43  44  45  46  47  48  49  50  51  52  53  54 
112 111 110 109 108 107 106 105 104 103 102 101 100  99  98  97  96  95  94  93  92  91  90  89  88  87  86  85  84  83  82  81  80  79  78  77  76  75  74  73  72  71  70  69  68  67  66  65  64  63  62  61  60  59  58  57  56  55  54  53  52  51  50  49  48  47  46  45  44  43  42  41  40  39  38  37  36  35  34  33  32  31  30  29  28  27  26  25  24  23  22  21  20  21  22  23  24  25  26  27  28  29  30  31  32  33  34  35  36  37  38  39  40  41  42  43  44  45  46  47  48  49  50  51  52  53  54  55 
113 112 111 110 109 108 107 106 105 104 103 102 101 100  99  98  97  96  95  94  93  92  91  90  89  88  87  86  85  84  83  82  81  80  79  78  77  76  75  74  73  72  71  70  69  68  67  66  65  64  63  62  61  60  59  58  57  56  55  54  53  52  51  50  49  48  47  46  45  44  43  42  41  40  39  38  37  36  35  34  33  32  31  30  29  28  27  26  25  24  23  22  21  22  23  24  25  26  27  28  29  30  31  32  33  34  35  36  37  38  39  40  41  42  43  44  45  46  47  48  49  50  51  52  53  54  55  56 
114 113 112 111 110 109 108 107 106 105 104 103 102 101 100  99  98  97  96  95  94  93  92  91  90  89  88  87  86  85  84  83  82  81  80  79  78  77  76  75  74  73  72  71  70  69  68  67  66  65  64  63  62  61  60  59  58  57  56  55  54  53  52  51  50  49  48  47  46  45  44  43  42  41  40  39  38  37  36  35  34  33  32  31  30  29  28  27  26  25  24  23  22  23  24  25  26  27  28  29  30  31  32  33  34  35  36  37  38  39  40  41  42  43  44  45  46  47  48  49  50  51  52  53  54  55  56  57 
115 114 113 112 111 110 109 108 107 106 105 104 103 102 101 100  99  98  97  96  95  94  93  92  91  90  89  88  87  86  85  84  83  82  81  80  79  78  77  76  75  74  73  72  71  70  69  68  67  66  65  64  63  62  61  60  59  58  57  56  55  54  53  52  51  50  49  48  47  46  45  44  43  42  41  40  39  38  37  36  35  34  33  32  31  30  29  28  27  26  25  24  23  24  25  26  27  28  29  30  31  32  33  34  35  36  37  38  39  40  41  42  43  44  45  46  47  48  49  50  51  52  53  54  55  56  57  58 
116 115 114 113 112 111 110 109 108 107 106 105 104 103 102 101 100  99  98  97  96  95  94  93  92  91  90  89  88  87  86  85  84  83  82  81  80  79  78  77  76  75  74  73  72  71  70  69  68  67  66  65  64  63  62  61  60  59  58  57  56  55  54  53  52  51  50  49  48  47  46  45  44  43  42  41  40  39  38  37  36  35  34  33  32  31  30  29  28  27  26  25  24  25  26  27  28  29  30  31  32  33  34  35  36  37  38  39  40  41  42  43  44  45  46  47  48  49  50  51  52  53  54  55  56  57  58  59 
117 116 115 114 113 112 111 110 109 108 107 106 105 104 103 102 101 100  99  98  97  96  95  94  93  92  91  90  89  88  87  86  85  84  83  82  81  80  79  78  77  76  75  74  73  72  71  70  69  68  67  66  65  64  63  62  61  60  59  58  57  56  55  54  53  52  51  50  49  48  47  46  45  44  43  42  41  40  39  38  37  36  35  34  33  32  31  30  29  28  27  26  25  26  27  28  29  30  31  32  33  34  35  36  37  38  39  40  41  42  43  44  45  46  47  48  49  50  51  52  53  54  55  56  57  58  59  60 
118 117 116 115 114 113 112 111 110 109 108 107 106 105 104 103 102 101 100  99  98  97  96  95  94  93  92  91  90  89  88  87  86  85  84  83  82  81  80  79  78  77  76  75  74  73  72  71  70  69  68  67  66  65  64  63  62  61  60  59  58  57  56  55  54  53  52  51  50  49  48  47  46  45  44  43  42  41  40  39  38  37  36  35  34  33  32  31  30  29  28  27  26  27  28  29  30  31  32  33  34  35  36  37  38  39  40  41  42  43  44  45  46  47  48  49  50  51  52  53  54  55  56  57  58  59  60  61 
119 118 117 116 115 114 113 112 111 110 109 108 107 106 105 104 103 102 101 100  99  98  97  96  95  94  93  92  91  90  89  88  87  86  85  84  83  82  81  80  79  78  77  76  75  74  73  72  71  70  69  68  67  66  65  64  63  62  61  60  59  58  57  56  55  54  53  52  51  50  49  48  47  46  45  44  43  42  41  40  39  38  37  36  35  34  33  32  31  30  29  28  27  28  29  30  31  32  33  34  35  36  37  38  39  40  41  42  43  44  45  46  47  48  49  50  51  52  53  54  55  56  57  58  59  60  61  62 
120 119 118 117 116 115 114 113 112 111 110 109 108 107 106 105 104 103 102 101 100  99  98  97  96  95  94  93  92  91  90  89  88  87  86  85  84  83  82  81  80  79  78  77  76  75  74  73  72  71  70  69  68  67  66  65  64  63  62  61  60  59  58  57  56  55  54  53  52  51  50  49  48  47  46  45  44  43  42  41  40  39  38  37  36  35  34  33  32  31  30  29  28  29  30  31  32  33  34  35  36  37  38  39  40  41  42  43  44  45  46  47  48  49  50  51  52  53  54  55  56  57  58  59  60  61  62  63 
121 120 119 118 117 116 115 114 113 112 111 110 109 108 107 106 105 104 103 102 101 100  99  98  97  96  95  94  93  92  91  90  89  88  87  86  85  84  83  82  81  80  79  78  77  76  75  74  73  72  71  70  69  68  67  66  65  64  63  62  61  60  59  58  57  56  55  54  53  52  51  50  49  48  47  46  45  44  43  42  41  40  39  38  37  36  35  34  33  32  31  30  29  30  31  32  33  34  35  36  37  38  39  40  41  42  43  44  45  46  47  48  49  50  51  52  53  54  55  56  57  58  59  60  61  62  63  64 
122 121 120 119 118 117 116 115 114 113 112 111 110 109 108 107 106 105 104 103 102 101 100  99  98  97  96  95  94  93  92  91  90  89  88  87  86  85  84  83  82  81  80  79  78  77  76  75  74  73  72  71  70  69  68  67  66  65  64  63  62  61  60  59  58  57  56  55  54  53  52  51  50  49  48  47  46  45  44  43  42  41  40  39  38  37  36  35  34  33  32  31  30  31  32  33  34  35  36  37  38  39  40  41  42  43  44  45  46  47  48  49  50  51  52  53  54  55  56  57  58  59  60  61  62  63  64  65 
123 122 121 120 119 118 117 116 115 114 113 112 111 110 109 108 107 106 105 104 103 102 101 100  99  98  97  96  95  94  93  92  91  90  89  88  87  86  85  84  83  82  81  80  79  78  77  76  75  74  73  72  71  70  69  68  67  66  65  64  63  62  61  60  59  58  57  56  55  54  53  52  51  50  49  48  47  46  45  44  43  42  41  40  39  38  37  36  35  34  33  32  31  32  33  34  35  36  37  38  39  40  41  42  43  44  45  46  47  48  49  50  51  52  53  54  55  56  57  58  59  60  61  62  63  64  65  66 
124 123 122 121 120 119 118 117 116 115 114 113 112 111 110 109 108 107 106 105 104 103 102 101 100  99  98  97  96  95  94  93  92  91  90  89  88  87  86  85  84  83  82  81  80  79  78  77  76  75  74  73  72  71  70  69  68  67  66  65  64  63  62  61  60  59  58  57  56  55  54  53  52  51  50  49  48  47  46  45  44  43  42  41  40  39  38  37  36  35  34  33  32  33  34  35  36  37  38  39  40  41  42  43  44  45  46  47  48  49  50  51  52  53  54  55  56  57  58  59  60  61  62  63  64  65  66  67 
125 124 123 122 121 120 119 118 117 116 115 114 113 112 111 110 109 108 107 106 105 104 103 102 101 100  99  98  97  96  95  94  93  92  91  90  89  88  87  86  85  84  83  82  81  80  79  78  77  76  75  74  73  72  71  70  69  68  67  66  65  64  63  62  61  60  59  58  57  56  55  54  53  52  51  50  49  48  47  46  45  44  43  42  41  40  39  38  37  36  35  34  33  34  35  36  37  38  39  40  41  42  43  44  45  46  47  48  49  50  51  52  53  54  55  56  57  58  59  60  61  62  63  64  65  66  67  68 
126 125 124 123 122 121 120 119 118 117 116 115 114 113 112 111 110 109 108 107 106 105 104 103 102 101 100  99  98  97  96  95  94  93  92  91  90  89  88  87  86  85  84  83  82  81  80  79  78  77  76  75  74  73  72  71  70  69  68  67  66  65  64  63  62  61  60  59  58  57  56  55  54  53  52  51  50  49  48  47  46  45  44  43  42  41  40  39  38  37  36  35  34  35  36  37  38  39  40  41  42  43  44  45  46  47  48  49  50  51  52  53  54  55  56  57  58  59  60  61  62  63  64  65  66  67  68  69 
127 126 125 124 123 122 121 120 119 118 117 116 115 114 113 112 111 110 109 108 107 106 105 104 103 102 101 100  99  98  97  96  95  94  93  92  91  90  89  88  87  86  85  84  83  82  81  80  79  78  77  76  75  74  73  72  71  70  69  68  67  66  65  64  63  62  61  60  59  58  57  56  55  54  53  52  51  50  49  48  47  46  45  44  43  42  41  40  39  38  37  36  35  36  37  38  39  40  41  42  43  44  45  46  47  48  49  50  51  52  53  54  55  56  57  58  59  60  61  62  63  64  65  66  67  68  69  70 
128 127 126 125 124 123 122 121 120 119 118 117 116 115 114 113 112 111 110 109 108 107 106 105 104 103 102 101 100  99  98  97  96  95  94  93  92  91  90  89  88  87  86  85  84  83  82  81  80  79  78  77  76  75  74  73  72  71  70  69  68  67  66  65  64  63  62  61  60  59  58  57  56  55  54  53  52  51  50  49  48  47  46  45  44  43  42  41  40  39  38  37  36  37  38  39  40  41  42  43  44  45  46  47  48  49  50  51  52  53  54  55  56  57  58  59  60  61  62  63  64  65  66  67  68  69  70  71 
129 128 127 126 125 124 123 122 121 120 119 118 117 116 115 114 113 112 111 110 109 108 107 106 105 104 103 102 101 100  99  98  97  96  95  94  93  92  91  90  89  88  87  86  85  84  83  82  81  80  79  78  77  76  75  74  73  72  71  70  69  68  67  66  65  64  63  62  61  60  59  58  57  56  55  54  53  52  51  50  49  48  47  46  45  44  43  42  41  40  39  38  37  38  39  40  41  42  43  44  45  46  47  48  49  50  51  52  53  54  55  56  57  58  59  60  61  62  63  64  65  66  67  68  69  70  71  72 
130 129 128 127 126 125 124 123 122 121 120 119 118 117 116 115 114 113 112 111 110 109 108 107 106 105 104 103 102 101 100  99  98  97  96  95  94  93  92  91  90  89  88  87  86  85  84  83  82  81  80  79  78  77  76  75  74  73  72  71  70  69  68  67  66  65  64  63  62  61  60  59  58  57  56  55  54  53  52  51  50  49  48  47  46  45  44  43  42  41  40  39  38  39  40  41  42  43  44  45  46  47  48  49  50  51  52  53  54  55  56  57  58  59  60  61  62  63  64  65  66  67  68  69  70  71  72  73 
131 130 129 128 127 126 125 124 123 122 121 120 119 118 117 116 115 114 113 112 111 110 109 108 107 106 105 104 103 102 101 100  99  98  97  96  95  94  93  92  91  90  89  88  87  86  85  84  83  82  81  80  79  78  77  76  75  74  73  72  71  70  69  68  67  66  65  64  63  62  61  60  59  58  57  56  55  54  53  52  51  50  49  48  47  46  45  44  43  42  41  40  39  40  41  42  43  44  45  46  47  48  49  50  51  52  53  54  55  56  57  58  59  60  61  62  63  64  65  66  67  68  69  70  71  72  73  74 
132 131 130 129 128 127 126 125 124 123 122 121 120 119 118 117 116 115 114 113 112 111 110 109 108 107 106 105 104 103 102 101 100  99  98  97  96  95  94  93  92  91  90  89  88  87  86  85  84  83  82  81  80  79  78  77  76  75  74  73  72  71  70  69  68  67  66  65  64  63  62  61  60  59  58  57  56  55  54  53  52  51  50  49  48  47  46  45  44  43  42  41  40  41  42  43  44  45  46  47  48  49  50  51  52  53  54  55  56  57  58  59  60  61  62  63  64  65  66  67  68  69  70  71  72  73  74  75 
133 132 131 130 129 128 127 126 125 124 123 122 121 120 119 118 117 116 115 114 113 112 111 110 109 108 107 106 105 104 103 102 101 100  99  98  97  96  95  94  93  92  91  90  89  88  87  86  85  84  83  82  81  80  79  78  77  76  75  74  73  72  71  70  69  68  67  66  65  64  63  62  61  60  59  58  57  56  55  54  53  52  51  50  49  48  47  46  45  44  43  42  41  42  43  44  45  46  47  48  49  50  51  52  53  54  55  56  57  58  59  60  61  62  63  64  65  66  67  68  69  70  71  72  73  74  75  76 
134 133 132 131 130 129 128 127 126 125 124 123 122 121 120 119 118 117 116 115 114 113 112 111 110 109 108 107 106 105 104 103 102 101 100  99  98  97  96  95  94  93  92  91  90  89  88  87  86  85  84  83  82  81  80  79  78  77  76  75  74  73  72  71  70  69  68  67  66  65  64  63  62  61  60  59  58  57  56  55  54  53  52  51  50  49  48  47  46  45  44  43  42  43  44  45  46  47  48  49  50  51  52  53  54  55  56  57  58  59  60  61  62  63  64  65  66  67  68  69  70  71  72  73  74  75  76  77 
135 134 133 132 131 130 129 128 127 126 125 124 123 122 121 120 119 118 117 116 115 114 113 112 111 110 109 108 107 106 105 104 103 102 101 100  99  98  97  96  95  94  93  92  91  90  89  88  87  86  85  84  83  82  81  80  79  78  77  76  75  74  73  72  71  70  69  68  67  66  65  64  63  62  61  60  59  58  57  56  55  54  53  52  51  50  49  48  47  46  45  44  43  44  45  46  47  48  49  50  51  52  53  54  55  56  57  58  59  60  61  62  63  64  65  66  67  68  69  70  71  72  73  74  75  76  77  78 
136 135 134 133 132 131 130 129 128 127 126 125 124 123 122 121 120 119 118 117 116 115 114 113 112 111 110 109 108 107 106 105 104 103 102 101 100  99  98  97  96  95  94  93  92  91  90  89  88  87  86  85  84  83  82  81  80  79  78  77  76  75  74  73  72  71  70  69  68  67  66  65  64  63  62  61  60  59  58  57  56  55  54  53  52  51  50  49  48  47  46  45  44  45  46  47  48  49  50  51  52  53  54  55  56  57  58  59  60  61  62  63  64  65  66  67  68  69  70  71  72  73  74  75  76  77  78  79 
137 136 135 134 133 132 131 130 129 128 127 126 125 124 123 122 121 120 119 118 117 116 115 114 113 112 111 110 109 108 107 106 105 104 103 102 101 100  99  98  97  96  95  94  93  92  91  90  89  88  87  86  85  84  83  82  81  80  79  78  77  76  75  74  73  72  71  70  69  68  67  66  65  64  63  62  61  60  59  58  57  56  55  54  53  52  51  50  49  48  47  46  45  46  47  48  49  50  51  52  53  54  55  56  57  58  59  60  61  62  63  64  65  66  67  68  69  70  71  72  73  74  75  76  77  78  79  80 
138 137 136 135 134 133 132 131 130 129 128 127 126 125 124 123 122 121 120 119 118 117 116 115 114 113 112 111 110 109 108 107 106 105 104 103 102 101 100  99  98  97  96  95  94  93  92  91  90  89  88  87  86  85  84  83  82  81  80  79  78  77  76  75  74  73  72  71  70  69  68  67  66  65  64  63  62  61  60  59  58  57  56  55  54  53  52  51  50  49  48  47  46  47  48  49  50  51  52  53  54  55  56  57  58  59  60  61  62  63  64  65  66  67  68  69  70  71  72  73  74  75  76  77  78  79  80  81 
139 138 137 136 135 134 133 132 131 130 129 128 127 126 125 124 123 122 121 120 119 118 117 116 115 114 113 112 111 110 109 108 107 106 105 104 103 102 101 100  99  98  97  96  95  94  93  92  91  90  89  88  87  86  85  84  83  82  81  80  79  78  77  76  75  74  73  72  71  70  69  68  67  66  65  64  63  62  61  60  59  58  57  56  55  54  53  52  51  50  49  48  47  48  49  50  51  52  53  54  55  56  57  58  59  60  61  62  63  64  65  66  67  68  69  70  71  72  73  74  75  76  77  78  79  80  81  82 
